15
0 1 10
0 2 14
0 3 6
0 5 28
0 6 30
0 7 9
0 8 29
0 9 9
0 10 26
0 14 24
1 2 27
1 3 8
1 4 27
1 6 26
1 7 13
1 8 3
1 12 9
1 13 29
2 3 20
2 4 23
2 5 15
2 7 29
2 8 14
2 9 8
2 10 10
2 11 15
2 13 21
2 14 18
3 5 15
3 6 4
3 8 5
3 9 15
3 10 20
3 11 18
3 13 13
3 14 12
4 5 6
4 6 25
4 8 9
4 9 28
4 10 28
4 11 1
4 12 18
4 13 15
4 14 16
5 6 11
5 8 24
5 9 8
5 10 5
5 11 11
5 12 30
5 13 8
6 7 25
6 10 19
6 11 18
6 12 20
6 13 19
7 8 23
7 10 17
7 11 30
7 12 13
7 14 25
8 9 28
8 10 1
9 10 28
9 11 11
9 12 10
9 13 15
9 14 20
10 12 10
10 14 16
11 14 6
12 13 10
12 14 1
13 14 12